22215
47855
22819
45045
46690
1035
50470
16574
36706
6588
26690
59524
27783
7664
12395
26215
42993
44960
32566
19941
58842
43750
35455
49870
49592
40063
28004
8099
52892
13481
16577
20772
31951
55978
20191
20625
37378
15548
711
58772
49795
35144
2413
37080
17501
27099
54595
38230
32488
36585
7363
26384
21937
19394
35263
19775
23494
56861
13491
32656
8320
55524
43234
42001
7902
41322
50691
14770
32785
20552
36570
8522
37150
56409
40686
5814
707
19901
54814
45494
37983
27633
38003
55804
38932
38272
52977
43505
45966
21225
31546
33352
44200
41155
21517
28313
4727
1889
24346
34143
36246
1170
32222
27294
12290
23704
52740
32780
11686
50835
50811
30722
5160
19291
55430
18382
25615
5611
943
30304
46839
56509
33127
52600
46914
19184
29004
31854
17717
7010
54438
19063
29900
42336
44035
28012
20266
34814
51970
57067
23183
50874
14655
25943
51445
20204
31650
3384
2257
41346
17583
8146
37702
31949
47000
13696
53239
13551
17301
14532
33070
8298
24457
58235
48693
7032
51468
36262
53843
24153
37340
32446
14191
18943
18944
14343
20951
25782
1658
38974
33699
11604
26835
817
18404
48660
25466
10700
8246
50297
8904
52448
55568
24569
48301
55012
13872
15666
22407
38850
15839
31482
28772
25657
58892
14672
32146
31977
44043
8031
25566
26842
40533
15919
53917
17793
33001
4395
12022
6894
3943
30768
36088
32290
35855
58294
14417
23516
14156
2316
45921
35039
36802
59877
29032
27193
5536
8784
32938
19475
25243
43135
32019
14890
12787
44621
39439
43948
16081
22179
20341
44809
59785
21762
5767
45445
40957
29433
16411
4730
19753
48929
1308
49924
56486
48787
52665
37041
24345
40462
28806
16982
48322
12831
43011
106
54996
42095
22389
15801
29796
10310
4731
36206
30863
13406
6153
40526
46523
31974
2644
45758
29323
30688
16005
33208
38574
41633
15093
16621
30070
23765
20221
26074
1252
21260
39298
3702
55138
5993
14570
8819
46307
33835
24700
34934
23085
49348
38380
32974
45333
4713
33239
17275
51122
20922
25009
7515
31669
32118
7308
44822
22546
57191
44344
3806
7191
10021
3682
51826
12759
24871
33281
24813
12443
23362
17784
46194
11374
31938
20814
28945
52266
10867
9199
26845
48987
10124
39236
38238
229
26816
24138
26440
7223
59567
25490
31368
52830
58174
21230
32157
25188
24979
27393
49307
44892
47271
1860
28498
1088
51466
9095
18797
17433
28829
56848
8977
47635
13598
6907
16008
35749
51908
30640
7969
44895
34148
38534
24886
44102
39934
21669
25155
55457
39657
54302
38061
58339
49923
32860
38255
53581
48088
49051
22713
26093
34395
53165
52763
7276
47420
47480
9808
38949
59578
42686
27566
43351
10609
59054
48435
26228
19852
39094
20545
23909
34843
48499
48007
32311
43459
57214
8153
8272
42085
56909
30868
12008
35966
34988
42549
11173
121
51697
9800
39785
19027
41034
1628
26938
432
38996
53765
40695
6809
56231
12090
2163
1876
26947
28602
18372
6830
6323
43549
59990
46243
29483
53610
48901
18245
28038
59981
3055
55662
53977
40068
21319
24354
48966
23896
4160
11815
13072
47476
9651
57202
9952
6172
30
58552
52631
24926
51820
52363
31173
58402
31208
26880
669
4059
46323
27283
54366
2113
25196
7924
50026
41070
36720
29479
10398
2628
31628
8340
55940
25121
24243
2101
877
48021
33753
38006
51033
46348
46570
42135
39827
35187
6772
20326
48127
34999
42148
28365
19406
4511
46615
58229
16561
18229
43154
3881
23322
24795
3912
16386
18230
34728
37712
21933
14225
54576
16733
15784
28235
1573
43176
7519
8014
23724
44939
58089
4263
43899
3316
57305
25177
24352
236
50752
49579
7410
49120
55116
44538
49943
2239
48148
13727
3148
43203
43309
17892
44788
12398
55260
11667
3969
3253
14327
10165
27813
7976
45528
39030
15033
10542
42696
27168
42979
41836
35663
48731
33858
24232
26602
19380
24759
45557
37139
5639
52661
21868
14918
59256
58695
20294
30660
8871
44274
47472
20265
53855
19304
56731
19149
42281
49704
40434
2766
28658
54000
16793
7155
51027
29382
35675
39704
56210
45644
8208
28176
56851
58393
34053
45157
54198
21172
44970
3262
34549
36406
15688
29439
18574
15629
24607
38837
32771
6522
46738
55420
39766
6111
55544
13736
28952
15833
47997
10202
21987
43860
18753
13748
23444
37911
25303
20493
16289
46734
59409
36347
41280
7575
11787
24519
23160
34737
59313
50829
26790
19743
16844
44528
722
28401
23336
27277
44092
7212
10204
42024
58843
56214
53993
13537
2975
27446
34806
1269
20050
19943
50462
55977
2079
46010
4187
16950
42138
50773
22465
51393
7666
30698
49646
28488
28686
28800
4999
39718
55483
20031
49515
18054
13263
51766
43623
34509
21607
38279
43339
19373
19092
26096
56770
49381
16197
31728
37922
22686
34658
593
16458
7122
36254
38108
18772
56103
964
7711
51265
4027
19550
49293
39925
33260
19458
22970
30756
30797
24240
47019
22526
3138
9545
58293
29751
44862
46206
14386
12383
5217
36415
14071
43551
17351
17885
18823
40523
40601
30234
7678
6582
19317
30898
58169
1701
33333
45602
49562
41628
23203
58895
57621
30985
11335
31485
29873
4222
35496
42806
52450
51666
44050
30502
15269
11824
29965
21117
16881
14582
54399
35381
35868
45724
50964
40233
54957
57978
29349
8837
19932
46444
10477
33339
16313
54823
37190
29453
9495
1894
15069
10569
9814
5002
4781
10718
51501
11486
9177
29287
52786
31231
40721
10959
20881
46148
10645
53621
42160
27375
36241
1527
57075
6823
48344
33557
32999
34918
28096
8114
55112
29373
37186
26405
47542
3891
57269
424
24208
46397
47851
14806
57727
13556
42098
6086
17363
57788
27164
47576
7691
30408
52244
53777
13746
58761
3086
15665
59939
20979
40280
48078
22778
38153
50100
23929
44642
14310
36009
37912
49122
9472
50569
49428
54516
20166
51810
39527
9715
44949
25512
23347
42597
54901
45980
20175
50876
6967
49573
56518
19748
5350
26726
40349
8225
5466
11390
6396
4755
38859
54146
35353
11448
31088
4603
5411
10014
2475
49736
46351
10397
87
44019
12042
45201
23466
13187
51224
14969
11490
31775
41456
34218
16935
47948
59024
36260
50014
12731
39603
29242
12728
46311
1091
44486
37124
4234
10917
53583
41487
8332
24458
14738
9576
24418
21751
50309
34370
55625
48123
34831
3620
40879
19121
48767
33304
10926
43579
52319
25892
35601
38603
38029
52196
13024
19834
10433
32782
22246
20129
5537
30178
24046
19657
58713
18034
41207
35134
14910
24321
52841
31145
3782
23857
38055
28290
16954
32125
37011
38342
38271
5770
53517
8538
14470
29487
28445
25817
54139
17118
50977
35535
56968
58373
22019
17094
16646
26374
55833
46078
12799
49892
4307
18436
1416
9459
16097
15849
45165
31718
54187
2157
25868
52302
27111
58065
40194
17654
19040
53166
59258
25626
48889
33336
2247
22158
30014
23657
1192
10245
36631
59602
53438
41317
40896
7770
32099
48877
41904
15209
22318
49656
6457
6420
697
55216
39229
5968
6695
36936
18806
15193
830
46657
3796
11803
39145
31945
19344
27343
11009
58077
38888
18405
32966
14832
23853
34077
28923
26562
9136
30210
17426
13141
40726
41103
36507
20692
23975
10701
57669
11640
29920
41674
55454
29895
37816
33735
32186
9510
51567
53790
47736
37580
45469
475
42794
20796
39448
14166
49860
38653
52642
4468
14628
52544
14473
29226
55258
44284
12124
45417
688
54300
7321
46186
17890
38465
50157
41820
32111
12900
7914
2965
6493
26203
25927
1229
17993
25068
10539
50778
14849
36782
55412
28780
6212
17592
793
59548
31114
28322
40357
46675
38597
51367
28533
35600
2433
50231
19438
32821
22038
26465
1774
23531
27537
33120
47268
20882
2454
39749
44098
871
39921
52717
960
9014
15628
57098
7883
10002
59600
4689
1272
39538
14954
2417
29201
29384
8986
5158
55896
35547
38028
23024
42652
41627
53350
35059
12063
57637
28959
16724
45615
12947
12228
17910
28172
39741
17576
42765
29804
35927
5580
55845
56014
12236
47887
57435
56754
54852
26089
53703
34400
11649
7183
59260
19159
40910
13383
52765
38480
38133
44472
5150
6642
17484
17422
47357
18957
23886
36969
57611
31935
4526
47412
43619
55846
24323
51197
32370
28171
51299
38218
4391
12746
24832
19495
2680
6125
44489
41316
8958
36434
20313
7532
39637
17435
43859
7854
29060
19726
19410
14742
48753
5736
50879
25450
56596
33182
19301
26147
27561
4579
14573
50543
23257
20377
9988
6812
29952
38571
19681
39711
49859
52053
24843
3143
51881
36974
7108
31717
37503
45039
44404
21288
41637
16532
46579
21687
23952
15614
18589
39095
36383
31740
55531
15444
27126
24193
8007
45022
20165
55283
40527
34146
20937
22810
55632
40855
14066
59881
6042
30644
8252
11921
26795
37496
53709
36249
33660
47196
42535
37716
44931
37919
26003
23900
17527
20070
11141
21139
5664
23614
20691
18742
29823
17183
1943
21698
2936
46898
59871
13888
38234
32797
24350
39594
11493
10975
17414
43468
9969
24806
20073
22562
22716
5182
47869
29926
36965
55821
3221
31221
15823
467
57597
6606
39868
44952
33299
52351
24070
50704
58697
28056
516
26322
14131
34176
22198
45606
31997
21282
13962
55945
30393
57453
42901
4642
45858
5177
2824
17533
23778
50046
35505
53810
53401
57670
53694
51670
49409
45707
50010
36472
59172
42855
1426
30340
26791
20865
7165
44820
52684
14496
31236
39190
56562
20264
45903
18020
50687
33542
24989
55471
14676
24802
38791
5946
41816
28765
39992
42510
15760
49103
42004
57541
17770
41492
43629
19462
51605
4129
24776
18321
57295
57572
26121
19588
1126
28447
50363
11503
43448
32716
10563
51487
24909
1718
53249
41065
59361
40308
6442
10846
31967
6433
44785
39949
41524
54921
50968
41057
43427
54451
8549
28485
59271
38614
5935
32773
48142
57069
10363
59125
59771
41232
20916
56413
46821
47020
2171
21107
17029
40117
52953
24188
39636
21519
11890
38095
19080
13289
11047
27270
28030
51755
24911
14914
36478
6294
18959
28041
44902
4883
47514
8394
28578
8140
586
29267
23488
9796
53237
9193
40479
44562
10606
15837
37202
27637
45323
29162
3312
19741
22674
50784
51168
19486
19504
4509
41043
42748
51028
32021
51019
38587
21004
2595
50438
53540
28285
53744
14307
5017
3038
6649
53362
23423
32022
24984
26521
31477
18019
9727
24665
40097
1357
50000
47062
48751
13392
47002
26645
43598
22996
48645
14854
57796
40126
56985
13695
36058
6709
8786
4404
31166
34608
34946
40634
43142
32537
56577
48006
58723
12695
47773
59375
50690
57268
52914
34607
52007
43710
19411
18699
57612
53469
11559
42226
23967
22016
17148
34046
38142
17996
32573
3720
6151
5496
26818
45032
38628
53310
14055
36667
34679
32949
56517
49577
5084
51322
7704
24495
30600
42642
59502
45066
28986
40647
18088
41560
47806
51560
16137
11620
59050
3117
47442
31013
14189
19553
44282
19491
50425
34374
23789
26290
37523
6160
15791
24287
3349
9412
35060
24682
25498
57959
6679
83
21328
41081
6277
59276
39068
10798
42789
19151
43253
57417
30002
41702
38267
19692
39750
41086
15660
53496
4556
40800
42161
12771
40301
55657
38019
55442
14342
20049
44853
17453
56281
14855
42439
28617
34726
13728
41985
5644
48789
26861
59866
3763
39299
52750
39326
35278
14711
19296
58227
6028
9933
57360
3493
24222
11307
59424
50498
57121
22041
22661
3360
18080
14876
20325
44827
38159
29973
42526
1380
15682
56961
49820
30467
42685
11657
50249
41160
51134
57271
17887
32151
24253
41278
28324
32422
41619
7333
13885
30257
6574
24562
4989
8447
7588
43379
31283
4063
12055
47067
41297
43481
12813
46122
29628
38361
28084
18925
54718
12476
4555
59174
49902
10063
12624
22324
45371
54580
26249
9917
44814
29263
28109
50975
29734
48297
59323
58125
6922
35346
23219
24846
58505
11499
16221
44603
52528
35194
41249
40876
52943
31849
19482
3745
7432
26425
57338
57604
46983
32929
34299
29975
14363
35161
19141
13196
44285
27155
11602
39422
25085
43144
53940
24838
27237
25003
12216
31098
49948
10946
25175
17853
44910
35383
57855
55009
5577
52055
59537
16378
15374
54634
3605
34685
13399
17931
33526
58856
32345
13257
37631
2407
13887
56876
8004
13042
53102
29615
13238
9278
29272
35252
33073
19665
42189
13132
39628
7920
1364
4637
3024
28140
45240
9819
38417
12226
16190
32167
52237
23157
31445
20133
57887
36130
3738
1012
37479
9455
48621
13823
37505
16752
4675
4857
5404
25415
34910
16283
10040
31831
49751
12994
651
52820
14142
27302
18362
30618
48583
879
14231
59702
8797
27178
54228
7823
49640
55262
31624
13894
41226
8159
27766
58594
56153
15092
38895
23972
8816
365
21082
40010
5023
35523
16796
22001
35133
51973
5442
8381
29704
54761
15091
31333
50210
20462
29688
37059
45351
53842
50408
21263
42219
55068
253
22082
12028
25877
8519
36773
19896
47052
50072
18408
9625
54204
25705
17557
59248
12402
52900
17905
24226
11368
32411
37569
42692
20980
8164
30314
27962
22961
11942
10672
47016
29627
37331
29884
35684
4403
6033
5831
34644
58560
4964
18440
42701
59012
8277
46425
6079
30109
15227
45645
8108
33236
27620
30740
33428
7443
40105
55734
16385
43016
28636
16266
40115
34602
50302
10801
8388
24074
21728
26107
532
31871
33264
24814
27927
1963
52622
42196
46743
22682
22758
3150
35578
12528
50449
31948
35804
5656
18293
36382
3374
40559
30953
52488
36271
52256
52119
59716
42660
41595
23572
38378
2788
36783
10373
13233
36152
17909
55439
44239
28308
23749
19258
41924
6608
34351
16639
22213
5705
6862
19351
10698
32868
54001
1907
23000
1278
18533
22063
25191
32777
33657
23064
44236
374
59974
32158
32220
22792
24423
8645
7344
23841
47558
5980
23540
53783
58515
11401
33381
8188
31107
36514
50836
37626
53942
8200
33504
26630
55172
25461
8577
23544
44995
51003
26154
30362
657
26489
42999
28951
35751
57327
18441
28833
8294
20723
41504
1490
34528
45099
26499
53387
7881
50444
32969
50243
37397
53589
57292
46366
32761
18858
48540
30717
39023
51646
24531
51397
47834
15879
27441
37803
17040
59736
12358
25722
11048
7712
35944
20403
15717
40802
56101
45479
49958
40817
17507
21961
7775
12034
49376
19298
52199
6621
821
17096
24953
12866
47301
48325
39504
51015
23076
5225
49113
57465
48520
44275
582
54246
17017
37978
2551
36468
40982
58753
35935
9655
2685
13653
9565
2280
34353
38307
10612
37700
56637
22566
31970
56817
40696
32939
18971
41215
47261
39483
44232
18625
21
25746
32104
26214
43369
22291
55706
31582
32786
35898
30184
55111
53906
7073
38795
24210
34271
5448
26669
50439
10585
43848
15835
55838
51694
25559
24623
51201
16708
40260
16105
16364
17702
19459
58053
21466
58527
36792
50945
49068
35634
39645
22383
33472
11085
32509
33823
41685
25758
39388
51165
30767
58318
44403
30048
16000
13723
38493
12364
10423
39706
33717
32439
10119
9549
45064
6156
56514
52377
44178
34268
53904
50597
15106
8966
3783
15822
49334
26971
34935
6909
29133
18251
33157
58043
19744
20110
52863
34820
20671
54467
10862
33551
4353
11668
21935
26800
4498
42278
30011
17251
53794
10626
37147
23761
57380
31543
2933
31488
24994
6245
59730
24491
47286
3124
2137
22094
39059
49413
42030
14212
54098
42240
22907
47504
40770
32430
53828
29548
17221
48241
45044
1505
791
29229
35206
54815
32940
12259
40659
27612
35321
48185
59029
23075
48819
2527
6513
25265
17632
11870
33912
53692
35803
49952
16785
51514
22363
58652
2727
33213
26809
40609
56072
52412
43389
42338
25219
6203
55338
47910
49396
47493
51590
34134
6291
907
56121
51180
30055
21735
13465
15072
21352
58578
43858
15703
37839
17257
29931
41666
25617
41193
48317
33434
59962
17125
49218
16905
2787
33591
59139
51351
55870
27067
5876
13775
20850
55000
40779
47208
25884
32754
23616
11936
56885
49722
59310
12738
48975
34330
33419
11049
53724
17857
6781
23071
42589
2868
58403
16349
52507
8127
30584
39475
45513
48169
50135
30130
5812
18377
46121
52903
34478
56532
11961
41460
25850
50246
49331
1396
6010
25337
24161
25496
27020
33399
24108
13248
4140
35259
45659
24068
33008
55757
44280
47358
15632
7079
47232
22693
23092
3945
52965
945
50151
26570
23011
12362
39054
56192
6928
50008
55022
5355
4548
14033
45516
12591
38723
28266
32450
14013
45221
4718
6638
29639
22029
1226
22478
54858
7195
32994
48481
32382
34170
19277
54604
5317
7209
37867
13325
42043
54011
4173
33482
48385
15601
46207
10559
9646
39709
13901
40065
13608
36368
8349
53231
42234
44998
33218
9954
25629
563
13511
1214
34793
30296
15989
46910
40600
35485
41974
8680
58591
34623
33212
53824
42026
30176
32190
44117
15871
10380
34122
15471
638
1517
4795
32310
7790
39942
59685
32768
17022
21821
35810
44069
20228
55228
25983
21636
13807
19986
51366
8548
49730
52147
53654
40551
56853
51287
52576
34004
58961
42663
57780
45344
11891
9597
34538
43580
51473
23838
10130
44891
33981
37338
21221
28284
39695
41039
6504
4970
15656
46899
4523
37385
56527
29111
20745
39560
39745
14226
49517
5962
11364
57489
47905
49197
14856
38491
4469
9470
39659
50013
50546
45471
52651
35368
35638
6902
720
21712
8462
45211
16592
25870
49721
41810
35702
47515
22728
31822
50248
32506
13756
10419
12009
16253
42687
25034
36146
32110
3554
17940
34503
1770
14204
40808
34893
41518
26389
40571
15954
53567
45690
44527
37807
42735
13164
11700
24746
675
10841
32553
5563
45884
51135
57151
11892
54343
10339
2112
27310
36996
20851
41112
33852
17737
12718
48981
30745
28378
41615
30337
43106
12955
7471
50473
21362
8259
16598
26937
4411
59912
3149
13907
6874
30094
44369
38724
39423
3836
12522
14835
32025
50282
28693
53639
25696
39000
10203
38711
37913
12912
41428
11599
54047
11727
25022
8137
2172
59304
57122
5389
31204
24538
33729
7681
17292
456
27159
46064
43684
38379
58017
45783
23882
47396
40156
36995
31711
382
3154
4685
1745
38990
52106
18730
43394
4029
2159
29929
30423
40267
49210
25181
7168
10549
3218
20439
56041
3730
34937
13923
18361
15264
17050
59037
29710
24652
3604
45669
49606
12208
19246
15609
18855
3346
33220
5739
22447
49800
31407
20386
32383
52570
14905
58661
16170
22286
44713
32377
47687
40360
21188
5507
25790
54846
12827
52124
50579
34982
59047
26083
53910
42504
14519
23625
22052
55669
41963
46979
8584
39694
24442
42521
49202
48704
44957
40720
7786
8717
1189
48273
3823
14434
4786
5092
9348
23683
57049
8774
50469
39024
26850
37353
51408
440
45219
15718
35844
58728
50493
4148
15199
37551
24239
13916
3259
26859
55536
53935
33326
3380
48536
7476
14211
38788
23044
21854
1662
25955
47794
38948
28381
4885
42970
21449
34537
14256
42569
35589
26353
23960
29496
53303
37767
43542
20340
36810
25245
14863
24382
4079
24229
4051
41
13454
19616
58595
9068
29387
57603
22297
39633
30284
53284
30231
53012
3643
54510
28219
12122
5546
54303
39392
30548
37016
20575
56132
43657
32904
29432
56597
12091
26813
23366
6328
57790
30538
52925
35792
30621
18121
44063
592
29230
53721
20363
787
17669
19991
13616
12139
51525
36390
21055
3031
54980
22422
46829
47458
53569
21758
45784
49572
40208
52069
27142
55037
5803
22131
12946
24897
39288
31341
52453
57368
58963
54699
41596
59932
40254
14165
49674
29899
18528
3314
40988
6906
43075
42499
56490
13782
48864
42916
27490
7426
29921
23719
26820
20907
51918
16996
41503
59662
9662
20728
18741
51967
30488
54314
59615
57534
57204
41298
28972
52649
45275
38810
30649
15116
45027
171
15550
56794
39138
2263
798
31597
16088
578
24037
13718
23491
44202
56538
34816
20045
9432
11113
49476
50965
24257
12168
4402
2290
51209
7015
7977
13071
3693
5938
56827
18751
17568
12123
32122
7647
28536
58946
42712
7295
8065
45608
39112
6557
13788
28422
33465
13397
45746
39881
14341
41944
26788
29235
55774
57506
5134
54841
25907
15920
48982
34731
24256
25495
1766
35449
35279
19281
16306
14607
25851
4023
9461
32540
1026
23100
51317
13380
48450
15571
1534
45191
40799
43125
41936
45353
42491
36517
41760
14415
8607
24095
4039
52593
40656
37753
26980
27856
40753
25092
6136
55727
111
18291
37469
5370
32174
47475
37663
35662
18025
18725
20482
21781
35913
52298
10689
11903
58778
41311
40277
24678
8361
11305
18514
6472
37312
20034
21544
44004
41675
25885
14874
25263
48996
1237
20823
8299
30212
35911
39804
9770
29146
47473
12233
1172
59859
51439
58810
42513
5463
23511
58696
47331
31409
9158
58382
52635
5603
5652
51702
40707
24744
5817
51124
33830
33581
3781
31335
32743
6514
51865
16020
45520
58540
46871
23217
16553
53068
22303
36345
49385
14218
9108
51071
20144
49383
48294
57011
19312
10697
5547
12217
15772
40489
7236
36161
12732
9843
52859
37915
59433
49925
39202
37824
43847
47137
28519
7768
21349
2895
42938
40872
12460
12628
19054
12004
38020
24086
37084
1610
11582
49947
46171
16981
55402
24719
48171
16359
52701
12584
58193
3258
34496
32699
6824
52333
42294
30485
27897
11249
48236
9191
39513
13391
6601
59441
36775
17541
33440
21061
17823
32926
41204
50236
29258
22877
27438
31229
31791
43257
52061
9536
20360
44572
9927
15245
56630
38742
45687
34158
31760
3463
52964
24551
36715
41571
29404
42096
21635
8326
13938
3136
24132
6051
15240
56704
4527
53845
54591
58132
7596
27454
4724
31658
26225
2536
35976
34727
12076
13176
18645
32169
47712
27702
12765
21749
22513
12199
43919
21605
42683
5957
51512
41186
3327
25573
28102
46880
1256
48786
1329
38728
8330
27652
10356
39670
41394
10436
11016
5645
18464
31941
49783
51950
57412
30330
15711
4490
45458
1096
39541
8452
34546
58726
28157
24762
52322
3045
47038
57309
21467
47393
40510
54692
29776
57500
25575
38926
46803
45167
11774
34702
7230
46597
21452
56252
56943
10170
42105
44734
20213
10434
51629
10874
35237
11209
48067
42772
59744
41498
47970
57491
59394
31550
43745
40419
4967
6833
25674
41940
58969
11705
31622
34076
41101
20590
16884
6722
1315
29456
58670
35823
48025
9402
58366
37325
49282
14790
3977
22139
4392
22463
58604
14312
34552
10236
51029
24923
24771
37737
5070
58364
20782
34245
2492
13422
45000
36712
8221
16813
11839
15174
44055
40095
20055
19507
48570
22895
6645
52727
25067
15637
43129
2887
59677
9195
15197
32036
57091
24908
40717
18599
38882
51288
53217
21334
52379
996
26660
50331
57276
50810
37052
26243
32702
47747
37148
9364
24197
14263
52490
21278
46632
53738
7268
40541
10578
48624
34591
57258
2876
4340
9259
18687
39548
47530
43712
15113
30095
20316
3056
1769
37565
40699
18430
27069
30524
41880
5678
36875
58754
53898
47189
9333
29555
9006
49791
6735
52025
3042
37094
4811
51926
59359
27734
36467
45116
11467
33948
1839
196
47464
20516
34788
25383
52849
9556
343
33776
34803
19822
25294
15759
56404
16187
35260
11032
27983
59042
13069
30406
39097
33451
38876
5687
58701
35097
38442
10505
58567
9921
57316
20904
26188
21046
56180
46903
46706
53352
38715
745
31676
29457
3026
15103
13097
44278
29488
13250
18649
1711
38511
55635
42502
37710
14266
45953
14396
5793
24778
23317
47073
45852
28123
43004
46527
19785
13064
57017
55234
42911
9652
34928
46699
14593
58118
21968
45920
43055
19034
26220
21914
1493
22951
4546
44698
10194
58202
1062
34872
54137
59743
11292
53791
17649
44439
54225
44738
1116
56528
46283
39879
3035
44395
47401
56999
7882
41715
12594
23973
16374
49116
18003
25999
45525
28135
27642
5028
14680
5917
414
22494
8020
42132
20613
54449
10583
29413
12194
54077
39420
40995
40956
49608
15955
33773
6295
29863
6623
35495
12633
57281
34627
20099
9024
49796
49556
44197
31615
44097
6612
58779
39002
42034
59673
18016
6939
35336
39676
55201
9352
49041
10281
9524
10076
9911
1511
32856
35024
37670
29595
47974
18571
50398
14650
24952
14984
42449
3685
56336
3801
35225
52731
6399
48638
7007
1689
28989
47907
14626
53869
51296
2514
47764
33935
10393
53498
2359
23559
8520
29198
21930
40071
27109
30320
15475
54227
22782
45651
31915
50812
39584
3829
35190
22991
37145
58420
24547
1556
26712
2996
5633
20847
4312
50311
25688
16993
37933
31159
31026
18324
48190
57402
50726
7210
53418
7725
47084
54781
26453
35047
11182
55505
15938
8071
20010
39727
7391
28016
7917
34381
19968
9841
53479
10769
32539
58327
23134
58774
8339
43741
39469
53513
53574
24137
36853
49204
26274
4414
32321
21403
38352
39001
3125
35274
40024
49802
58322
49598
59547
19451
33394
25422
41212
534
17865
27870
61
6857
20465
53488
20518
20764
8198
59397
11224
50430
27051
8239
32899
27295
29017
56040
27374
15389
52303
26125
5712
13501
23413
58525
35800
16414
30970
43620
20063
32334
59202
53015
23083
12549
29470
42276
47781
47847
34708
1985
9242
41756
40359
25902
42656
35918
44904
17810
10345
383
20883
46049
49911
15544
45312
13344
42891
13284
29655
56977
53470
13879
4856
22282
55752
32621
54199
45192
19168
57381
43502
35579
47724
35504
21347
47593
41873
57869
48120
30269
22968
34649
9417
29359
11636
16467
42048
55167
42664
13020
7993
32853
45572
47864
26098
2320
32964
34057
58197
40256
22969
17764
39372
33905
58917
44089
388
903
9413
50944
38290
47235
49306
38390
49423
52474
43271
51150
46099
9327
13436
3118
237
5170
11430
40133
54354
56623
34238
10849
45186
25083
15065
13693
26347
58330
36179
25899
47133
27125
21790
26342
51136
9217
10891
54371
58473
35451
13030
59522
4213
40099
2723
34224
30104
39959
23554
4617
12904
15554
49053
23586
48352
37662
30131
54332
29527
30220
51385
679
58250
24163
36879
22173
25042
55144
55519
25104
55152
18842
19303
52297
48876
34012
8629
59379
18566
29878
41986
15144
58295
31492
58269
4507
21929
242
6684
52402
19995
57187
24412
28039
54243
700
36910
59966
45154
41580
59357
59320
38947
8202
50668
35020
43721
14356
31904
35595
16134
3949
35437
10293
53922
42104
17591
13631
12308
11690
45667
59583
58270
37518
12421
54848
47811
32627
10114
23987
25486
28736
39787
16286
9897
10490
25004
52240
32115
56836
46552
50070
25640
16485
44363
50132
35748
48913
14629
26232
34870
46761
19672
22747
59005
34583
26552
43874
46953
28903
20555
58957
59347
31314
25995
43446
35341
53612
6821
8093
54994
14
1296
46614
49773
50841
51513
59846
59218
12007
43273
44518
3686
52230
39082
10933
6594
1779
46982
37756
31541
31821
13707
49690
11679
20517
42505
28748
12711
23038
23629
45743
41557
2275
10304
48073
510
51597
1896
20805
8883
10663
9379
58955
27737
18074
3065
57807
56083
46635
49392
5967
5174
462
21365
57723
43994
56044
34187
26276
22803
17694
15339
5183
43744
3014
20397
46046
23019
4320
21212
34604
51232
24166
35202
38696
22565
16263
19112
35705
56620
33412
45447
30939
7886
18094
17972
51221
51314
49080
15356
50995
4257
9428
57813
18396
33686
6303
42037
38144
22009
25844
40711
37097
17180
12112
37345
46337
42785
25244
52954
36583
10206
32795
27307
23159
54059
28090
30448
41329
36644
34314
42256
33534
48581
13750
28393
49425
21075
24259
8283
54842
6998
14005
53292
33712
48255
36822
41556
56259
24763
59363
19330
40951
36736
30473
39101
48115
51042
52387
17998
29545
26606
18103
18018
15846
21658
47758
47445
43255
9916
24489
122
22860
13486
55411
8376
55437
26063
4082
21360
57503
39091
22594
47351
43111
52215
2461
51668
51282
6072
26196
35283
39807
5654
23452
691
13161
7180
50213
44715
42306
47316
51818
48943
5220
55530
34354
16551
23111
17978
48218
44137
53970
20684
22691
43752
36983
35011
18582
3612
7829
268
49322
10233
47415
5209
10199
6901
25356
7253
7851
28408
48611
4638
4243
11187
8305
49427
53430
14504
38736
44240
27039
55296
30746
9738
30595
23177
48514
49888
59385
13151
14487
23379
44442
40261
28708
39424
21670
39128
7290
33613
36651
42270
30080
49762
24726
39510
52109
51145
18338
2304
38808
45847
53432
50570
3205
9140
51340
11965
42475
47727
1165
31276
1197
41475
49520
46907
2738
35160
17776
40211
30814
48407
19353
58098
51870
46386
49896
28844
497
54012
23487
38265
44989
55013
27153
46189
51499
4335
49212
34026
4949
1078
44376
42616
27740
57964
9430
18570
50987
36516
9799
15121
42835
57219
59447
10514
36950
39941
58880
26206
51843
7777
25025
25662
50027
32130
15690
36797
59544
9331
54286
6448
34801
13275
50183
40515
6668
30207
31435
31897
46042
15397
39534
11617
58049
35683
46063
5749
49426
23820
17328
41951
9713
19635
16249
21518
39242
18812
6227
39788
6349
10726
32563
51819
40263
4734
8169
29228
25458
15334
59247
19931
19725
19756
11509
6730
34095
17265
30858
43483
45951
20756
1110
40935
20279
8524
5550
19919
49676
34755
8880
56636
36234
41534
704
1831
32588
49361
42591
19001
55867
22144
37207
42402
24456
16188
10831
32170
55486
13018
37352
10676
12527
25054
14072
22174
19686
4372
58716
6659
4906
55254
35297
28673
18346
32042
22997
1367
11180
7395
59151
47081
1298
16082
13447
23027
10492
38023
5952
49757
31521
870
4258
21119
20569
30053
10742
23737
20426
19738
11993
57820
49644
54971
22459
19915
33229
11875
17093
26473
41331
20729
58494
2078
19532
57233
13249
38372
38075
536
48957
33404
8863
962
35318
22099
44414
43304
54506
33738
9798
31817
36846
29713
4449
54132
22978
52971
30954
21125
17331
22124
57837
26593
56366
23369
14618
35304
10218
26826
20770
22317
10166
15842
52045
43298
7909
58502
42019
13477
59729
22140
12373
3353
19522
50391
40816
54014
28103
53266
17238
56289
11036
14271
29509
18497
7516
41458
6121
2418
33600
57120
35199
8025
50184
540
18120
6387
39800
51995
5799
51695
18795
48628
29674
13285
57949
26088
5157
58954
12513
59034
56462
26321
47031
8942
52101
44429
38401
36988
24542
43938
17689
34742
22715
10060
16036
24937
20972
20593
17011
16857
27429
20022
32427
41303
21008
1065
511
43658
44674
53902
53179
28338
57809
39210
51919
21246
4245
53087
54239
41775
7495
41036
42672
51618
16494
43785
23890
18056
21359
270
52324
21566
55100
49607
7517
31571
58074
35363
23621
11291
55495
23805
10163
8395
37986
5008
43511
1883
34169
4061
50359
23712
38771
44445
4147
40674
25970
52401
4534
59895
49564
49567
23229
35763
14558
41566
33362
37577
9382
44945
52207
42051
36573
18666
5775
45742
26671
55739
35753
53010
32980
11273
37676
32409
54207
58106
542
48696
2741
20159
56219
2397
21178
9404
59316
42380
55240
52951
30263
5141
49412
51853
56738
12826
397
52467
5465
26400
54861
2532
24898
20715
45291
40657
45208
45769
14001
49917
56691
20409
30217
34715
10550
45270
31328
29993
4104
21612
33209
3067
31044
50160
43485
44700
38120
35722
32673
43893
18677
34194
27549
54422
32397
39274
53530
41430
56081
46800
3624
55653
43098
35175
13794
24711
53916
31761
58461
29447
16162
44124
50007
11147
44530
30442
1243
54666
12769
22376
54219
1441
54617
52796
29992
30306
5660
24237
23210
25388
55498
12605
45919
59088
36293
12740
49064
22214
30297
10453
8311
14732
54976
44106
12958
18954
8382
45763
40516
2020
26139
43099
11733
14659
33864
14458
43773
24407
9742
50804
17555
38745
9590
36594
29319
1034
14549
29974
42906
33074
42200
56779
27451
41266
4905
8600
39852
9729
53381
56932
27884
58482
1236
43049
56122
43879
35623
40287
16953
55583
52558
9724
42342
31262
47285
13685
6868
21382
13963
36861
59411
864
33313
22611
4001
4102
43751
40215
44293
2900
2015
33053
53663
48015
59769
57955
8901
939
40041
4671
1379
17235
13077
276
968
14749
39539
22896
55893
20177
27755
55794
58559
27279
4008
7557
19946
4431
3570
12694
39689
43136
47642
11763
20710
10487
51972
46242
51544
41884
12254
37791
32735
21902
33896
48132
57929
1971
58931
49983
22733
21040
51126
10588
5198
23528
15570
37526
27464
48756
25049
58298
41954
12341
9942
8314
54760
18392
15821
49188
8106
5776
13140
34164
2254
32391
52034
31040
43303
58247
12640
3938
53018
39799
21883
11711
48364
56670
31403
6337
50731
2243
12930
44394
43639
35532
54443
40179
57284
5130
3894
19165
11810
3874
18654
48284
49168
3581
1355
50743
30651
58285
56164
42032
2776
23324
16931
48399
7642
55362
37003
18863
45945
14184
20216
35088
6769
59572
13712
34219
57156
49029
50292
13087
4645
42843
17772
55709
55180
39554
21071
44899
12185
37910
49764
41707
40458
46159
49043
6285
32925
2001
50307
21302
38763
6810
44115
46411
24577
2042
12541
46856
14276
12270
2811
35849
13159
4785
25127
52219
4705
5104
13124
11339
21331
10210
12514
1842
53647
22656
51885
42904
6918
27949
27937
48541
45988
26823
58640
58919
53745
24314
55365
35430
57406
27975
19271
53618
31193
52367
28364
2801
32527
48004
30891
44613
23023
58820
16885
17907
6984
40660
35713
9012
48490
56718
57556
17218
47941
30807
52592
8074
14509
35249
11442
23541
33196
58138
40519
49335
37680
56295
31517
26437
21944
4323
32956
54782
57535
19567
17848
16410
10242
47647
12839
14686
43247
483
40157
11558
50621
27793
42174
28492
7193
53813
2584
14640
17163
33439
863
34569
55073
26994
33132
29254
58007
250
28787
39441
31218
18500
9041
27053
39926
4087
16766
18793
36213
58706
7262
40878
56176
15901
43902
28995
27747
58150
22255
3727
17349
5787
51274
28060
43538
54181
1205
8867
46296
13575
18908
56186
17836
6309
20610
31787
30205
29374
36169
29360
1410
10027
44901
5584
42763
22818
19088
48918
29389
18707
23424
30909
59614
55484
646
52932
27145
22302
16514
32298
24057
11358
50224
42611
52883
8245
36319
41607
28377
1841
25994
12620
42560
41471
57909
37780
21322
22995
42016
42127
45110
48550
11059
17525
4476
48895
51223
3973
14427
17281
15027
29678
2205
34292
37009
57823
21921
38531
45812
33444
28184
30885
10024
46801
10054
23563
27196
30761
57730
301
9146
53143
9139
7754
46232
45306
10254
55970
21852
59059
15309
7076
11799
19499
43946
9096
52908
14598
2907
7911
47131
52774
2379
26218
19545
55160
12764
37074
34411
23742
35142
24618
15492
1531
14689
30163
35842
8049
50627
32270
7323
30837
17270
54766
13489
11533
56587
18059
16997
19778
44769
54442
27832
22921
4493
25645
18206
9605
53973
25396
25646
29030
4310
11081
8316
56829
57970
15832
31618
45801
10916
19752
56290
28125
10607
7216
24679
51962
48443
28505
41288
33347
1519
45519
36962
5279
3804
18715
33034
23962
41041
43703
16984
43625
9880
41932
41300
8887
51964
3083
40705
44498
17646
45562
9483
11832
3978
36889
9667
35879
33442
42014
35805
23059
58504
16347
54329
22688
7974
35808
54875
9823
6904
55883
50401
18058
25954
10641
57965
50075
24640
26619
32620
16846
20420
3223
39888
36433
42084
32101
18621
48467
678
28775
20816
9147
16226
7269
31968
37013
22517
53808
7853
19180
17603
50505
4870
34821
54392
45754
26109
23991
44655
23815
27919
13365
55593
16842
12413
47380
31046
21444
29724
23981
16736
32303
4014
13440
37820
24309
43184
17886
39262
26103
39770
2510
46543
20100
23484
29680
28521
19795
20184
41029
33490
1462
4341
941
57755
50940
27589
58844
52737
23821
50563
5562
39157
24995
9281
58297
31784
17581
22458
26183
59295
29801
52198
58054
6263
34463
6714
36867
28888
27024
54721
47561
14483
41629
39665
54427
55737
20879
49111
47321
57518
41245
11806
51463
54905
26946
6758
33489
10191
17353
37437
19580
59553
19107
3198
36818
50241
2910
2272
7067
18870
30464
56287
20621
59121
59057
29451
31850
6532
20519
22635
37133
3340
9804
53544
980
50973
45982
38154
57153
3488
11452
24605
16465
6050
58884
29837
22335
50937
17870
37512
41928
35288
43306
36624
2958
5461
43514
14681
46592
23770
18102
48586
34860
58836
15503
56146
3964
2782
17665
32930
41176
51179
49880
53124
21778
48012
19953
1387
10247
11959
6148
13562
38349
25225
38818
34090
6395
2335
41686
52857
59133
16482
28641
55735
19838
6454
27331
54546
25246
2392
44923
46191
4473
19793
21338
51063
9831
45354
52320
36660
45765
20288
6123
57543
29693
18765
7030
281
50116
47772
23798
58133
40053
36878
51837
11865
28774
41024
43470
40751
8722
52719
15730
37305
49263
59478
19540
34155
2624
44203
30042
41242
24282
30038
9815
28817
39503
55125
21675
51498
29036
24696
33680
33382
47338
5885
19742
421
8961
33531
37329
30528
30897
59717
12368
991
39376
50711
27434
54972
23294
40296
45489
54859
12002
49864
20485
38202
10536
12741
21108
33199
55760
58350
1707
52197
41319
52172
53112
45719
3512
1606
57696
3344
23287
12420
4735
33579
45448
40108
56212
47895
4355
39610
28148
45995
45684
43608
48031
29388
33525
50057
5036
53844
20359
15719
4135
19374
40743
28150
49241
44062
20566
31288
31918
33573
4481
56984
33882
23020
51617
27878
5106
51554
8490
37154
32557
55280
57595
56987
20940
55801
53258
25482
48245
52118
53433
56298
6636
56410
45295
59573
54267
30021
17866
8651
46942
51829
14981
5868
785
57672
47457
10972
55676
1663
11966
47230
13909
37909
54928
15455
26112
34916
35502
31989
58378
1119
23816
10716
30367
25063
39189
45888
36921
45850
50148
56182
27189
8012
53775
48222
15360
26344
27833
3967
45612
24285
22340
40405
35648
9827
32294
49655
36361
3164
13370
48298
39180
30878
506
38861
50440
37223
20878
2483
2545
53136
40165
30287
19099
14928
21752
30226
37671
3715
40987
8592
38963
52871
45293
52769
29366
40833
45828
47518
47224
33139
59674
50854
16498
10196
40350
56496
16461
17386
56621
52220
54042
51496
19587
43959
42283
51017
30565
41310
44368
59781
59068
28326
38879
13869
407
6706
23284
35843
41448
6167
22416
46329
26882
41647
9697
30462
23045
46544
20417
47118
40039
7757
36162
38551
11034
21348
46261
4702
28507
40293
8157
18177
27662
53693
8712
39617
20617
32690
32662
12979
2779
7244
28020
41073
12103
19333
31174
40299
49411
21323
42167
33252
29602
13620
38594
11749
18614
49728
5569
39355
24714
1705
10743
38123
49927
4185
50792
7310
56981
56886
44166
32407
49937
38182
33897
52400
37246
19620
5954
8213
11306
6972
18296
522
2262
39332
14403
22237
26509
3700
15663
27588
22017
54414
18804
45511
11151
36149
30952
48797
28428
21431
6987
58808
14058
15793
31106
51653
8507
35967
8749
3919
11968
6375
31059
2820
6132
30396
43809
17368
30972
35765
11213
59094
20734
46586
12972
26589
13757
39257
23117
46289
9274
15415
9906
40625
24866
26467
42388
5579
12266
14047
37311
39096
47649
33346
39755
32207
16507
7670
38461
38206
50217
16053
15223
39063
12967
55683
51409
51045
28071
6243
50313
13826
49754
4806
45115
20957
31612
20025
31813
50725
48695
11210
55861
25502
34703
2518
44023
32934
46837
18426
57313
6644
54649
19997
27082
27663
44080
47639
1211
8282
46352
15545
2373
13881
34415
56129
55561
16035
5015
22147
7686
4417
13258
56719
40783
31039
46619
10985
34661
30363
18305
26335
38091
58346
43813
40019
30882
8570
3260
32083
24630
34940
44924
2333
20948
25431
20661
28145
35173
51635
14262
47086
13073
23411
20887
34430
24016
49023
3648
4285
22372
51776
59439
6742
54054
26610
53500
6070
40122
18738
25635
36603
26459
51822
37735
4154
49465
37098
8561
43845
38836
30199
35624
41211
50463
1604
22387
86
43172
2107
12229
48302
28163
50266
25270
47391
21942
10758
47500
23796
33546
14668
27104
51991
1948
23399
44373
35820
37659
54244
30816
16108
18865
20475
53177
29095
54384
39270
21149
35335
36664
31143
56237
6562
54015
51413
31943
17690
9745
30812
5744
51900
16093
7179
2145
58672
18446
18745
58248
6226
36359
47534
44915
41777
57124
2647
55043
54212
45508
17569
29807
41182
45386
23513
33203
36364
27106
20672
19398
379
30366
14305
47923
6122
7170
39122
40967
56124
8889
18887
27601
29902
4650
56686
11578
14108
11207
6400
26617
14167
52352
21693
34306
42940
51251
38200
27574
44569
57745
18274
5790
30035
45250
32609
46941
24631
43085
29196
15741
41727
59831
43161
33966
7797
29402
37514
45104
56415
2963
43544
12516
35264
49554
16692
844
10747
27864
19448
49172
7767
23425
2479
5353
17436
49709
7706
29310
58423
49368
52155
29872
43210
6138
53657
37879
18089
39889
45337
53785
36223
31064
26651
43157
49082
13427
52705
39996
51403
47713
15975
9360
53354
23330
58454
50838
13771
26252
52312
36442
22445
11601
47148
7825
3359
32783
7335
19581
2589
39623
26561
4196
46810
29514
57398
27773
54380
2148
9626
11443
47521
24527
10525
13438
38073
1484
43824
31629
37242
55903
50591
36020
45223
20783
54382
48243
9832
23169
25735
4678
3482
5419
49463
6331
45816
9641
57633
10157
21315
55226
52427
33445
27452
37956
21052
3357
39905
2913
22533
42273
34721
51685
47469
3183
54490
52310
28807
46874
52267
3987
45083
17000
32148
38436
32903
28400
39450
11794
59072
45806
57342
13778
47765
42972
12565
13613
57461
50417
24269
36719
58488
30437
25236
15737
6523
46812
44583
1251
34739
9086
35448
17714
4626
29757
32024
5553
58044
56085
11356
35957
46254
12824
11492
299
10219
14559
23811
8804
28425
11789
3528
14550
48726
5743
49295
42216
110
32483
31078
54404
30359
38389
54710
721
58129
18004
44210
1588
38475
27801
43722
20018
685
56557
54810
48387
56261
9765
27539
22208
3043
29378
28944
24856
25467
26407
9305
9298
32529
16181
50513
18150
14015
13988
18477
53995
20571
48154
7743
11431
7113
4615
54728
20427
44694
18767
2206
14883
42632
24936
48881
32354
53631
8555
52921
46141
49986
56372
2552
36273
358
55965
53367
5528
3207
57384
47508
19605
16415
41291
20039
25216
5595
181
28483
56769
49975
52489
46496
552
58341
12230
44990
14516
14130
46739
10241
24638
159
47309
41068
46245
15911
31698
18075
44761
22204
5214
45342
23636
760
16515
15753
55010
20753
56699
9227
54822
56262
19702
20509
43526
35952
16070
3983
40507
56436
7673
22793
16604
13769
34362
18718
55550
23781
12349
24800
29329
3251
13930
1939
21545
3500
7091
18803
24152
10789
33656
56790
52503
2324
50526
25503
25749
40012
34452
42045
34830
59664
45421
40623
4874
44599
59652
25044
7285
5668
21318
57404
40966
14726
34878
24645
33705
9546
26794
43825
54071
14133
55759
31489
55307
32559
49265
1768
21285
34150
23332
51390
32871
56521
12941
39212
13884
38383
11495
43642
36367
27530
26884
17874
41361
601
19102
11898
33566
26568
4566
26550
1404
23891
36269
30013
38444
12662
52094
24861
55991
34018
58265
36536
49007
34257
7594
45121
44974
54021
11295
46622
57057
48418
58252
58683
20183
44792
20542
16611
29719
51252
13983
59807
13455
8529
14752
39354
22466
58317
56489
17209
50427
32987
19950
48885
1679
425
43264
57569
3940
22892
16952
59444
58538
45264
29236
34923
41088
57849
14132
27371
2360
18050
44544
9261
20391
9585
3858
39234
17019
30339
33511
50421
8160
35006
52452
7675
24586
36979
56678
52609
38875
16499
50798
29675
17210
6974
28662
42382
41583
58794
55576
58100
56787
54448
15100
31805
8088
40396
32257
38976
25634
37675
59941
46470
34529
18556
42823
14098
24902
17964
18349
31063
19781
37690
22917
37138
46082
57041
2851
48939
26711
51024
13192
30331
59150
14775
41502
44802
50676
31260
19506
147
11408
11844
36512
12381
21501
47743
9596
9160
29297
24000
7600
33111
45502
56717
5078
6330
55997
57127
20277
56760
42267
31307
54008
52840
42205
23595
51758
42046
8499
34435
23416
27157
21622
11880
40934
44145
15886
25391
42574
43259
8654
10033
27457
15689
27745
53795
8309
14491
47526
4692
6131
58314
59503
49719
41696
16425
54930
10786
48495
43121
38872
6012
1459
42596
48475
2298
16075
59251
2523
3968
43206
54655
54126
45561
7625
22888
57319
47492
23862
8845
26270
6859
16939
56515
